import numpy as np

fuelmatrix = np.array(
    [  # in litres
        [0, 2981, 2409, 4165, 2334],
        [2981, 0, 3538, 5013, 4065],
        [2409, 3538, 0, 3100, 2494],
        [4165, 5013, 3100, 0, 4015],
        [2334, 4065, 2494, 4015, 0],
    ]
)

demandmatrix = (
    np.array(
        [  # in thousands
            [0, 3800, 4200, 1900, 3500],
            [3800, 0, 650, 80, 450],
            [4200, 650, 0, 1400, 750],
            [1900, 80, 1400, 0, 1600],
            [3500, 450, 750, 1600, 0],
        ]
    )
    / 51
)

subsistutionCapacityMatrix = (
    np.array(
        [  # in thousands
            [0, 4100, 835, 1, 2900],
            [4100, 0, 1, 1, 1],
            [835, 1, 0, 700, 950],
            [1, 1, 700, 0, 85],
            [2900, 1, 950, 85, 0],
        ]
    )
    / 51
)

subsitutionElasticityMatrix = np.array(
    [  # odds of someone taking a replacememnt route
        [0, 0.75, 0.4, 0.001, 0.45],
        [0.75, 0, 0.001, 0.001, 0.001],
        [0.4, 0.001, 0, 0.60, 0.65],
        [0.001, 0.001, 0.60, 0, 0.20],
        [0.45, 0.001, 0.65, 0.20, 0],
    ]
)

flightMatrix = np.array(
    [
        [0, 0, 0, 0, 0],
        [0, 0, 0, 0, 0],
        [0, 0, 0, 0, 0],
        [0, 0, 0, 0, 0],
        [0, 0, 0, 0, 0],
    ]
)
